1.183216e+02 7.000000e-08
1.673320e+02 2.833333e-08
2.366432e+02 1.375000e-08
3.346640e+02 5.583333e-09
4.774935e+02 2.647059e-09
6.752777e+02 1.434783e-09
9.380832e+02 6.333333e-10
1.326650e+03 2.200000e-10
1.918333e+03 8.571429e-11
2.712932e+03 4.333333e-11
3.794733e+03 1.769231e-11
5.366563e+03 7.894737e-12
7.631514e+03 3.555556e-12
1.087658e+04 1.948718e-12
1.529706e+04 8.000000e-13
2.163331e+04 3.250000e-13
3.059412e+04 1.600000e-13
4.284857e+04 7.333333e-14
6.059703e+04 3.000000e-14
8.485281e+04 1.285714e-14
1.183216e+05 3.750000e-15
1.673320e+05 1.633333e-15
2.408319e+05 5.222222e-16
3.448188e+05 2.666667e-16
4.876474e+05 4.294118e-17
5.010512e+05 6.744083e-17
5.148235e+05 6.250132e-17
5.289743e+05 5.792359e-17
5.435141e+05 5.368115e-17
5.584535e+05 4.974943e-17
5.738036e+05 4.610567e-17
5.895756e+05 4.272880e-17
6.057811e+05 3.959925e-17
6.224320e+05 3.669891e-17
6.395407e+05 3.401101e-17
6.571196e+05 3.151997e-17
6.751816e+05 2.921138e-17
6.937402e+05 2.707188e-17
7.128088e+05 2.508908e-17
7.324016e+05 2.325150e-17
7.525330e+05 2.154851e-17
7.732176e+05 1.997025e-17
7.944709e+05 1.850759e-17
8.163083e+05 1.715205e-17
8.387459e+05 1.589580e-17
8.618003e+05 1.473156e-17
8.854884e+05 1.365259e-17
9.098276e+05 1.265264e-17
9.348358e+05 1.172594e-17
9.605314e+05 1.086710e-17
9.869333e+05 1.007117e-17
1.014061e+06 9.333540e-18
1.041934e+06 8.649932e-18
1.070573e+06 8.016393e-18
1.100000e+06 7.429255e-18
